11 10

 -2.98790  73.77751 -43.53935   4.90043 -24.01486   4.63616  73.85077 -22.60422  62.47462 -11.62250
-53.34123 -25.30060 -36.16108  25.53240  -6.39461  41.26149 -47.82010  82.00360 -42.56222   6.00657
 23.15599  -7.26860  26.93414 -64.97846 -38.95442  44.67030 -37.59179 -62.43838  35.96497  44.71645
 21.11496  23.08432  58.51572  32.77231 -93.93791  18.38644 -49.32707 -56.94060 -26.82243 -37.74109
 12.97041 -81.04571  89.34776 -81.77966 -43.25144 -38.25472 -90.62586  30.96153  87.57123  93.73334
 40.47077 -42.94872  37.75955  96.70346 -24.31018  21.86542  98.50772  63.89403 -63.72779  -5.70836
 65.59089  68.10246  44.30733 -25.64663   6.77577 -44.15242 -54.79354 -91.51851 -80.46216 -73.83243
 39.43137  79.26656 -19.09719  52.94073 -25.19613 -79.53635 -52.54190  26.92743  62.05237 -51.89207
 31.78409 -34.77000 -22.34773 -98.62591 -39.87891  57.96601 -97.58931 -74.92459 -18.02322 -42.07646
  6.46062  91.35039  96.15185  20.27755  81.11460 -11.46650 -94.58049  94.16710  71.30820  68.56186
-14.72240 -90.55373 -17.04548  38.38777 -38.45170 -92.96169  47.41904  20.17084  71.44903  29.20367

3
